0.00000000
0.48943484
9.79033726
97.94921224
991.20016443
150.56331507
49.40290573
0.00000000
0.00000000
762.89857264
59.99026992
245.93888061
416.35499970
495.21225529
0.00000000
0.00000000
91.03001664
766.69905679
740.04046674
495.84111907
741.20396727
127.43414935
369.69433976
548.58731193
491.77794061
0.00000000
85.72742116
232.84401307
0.00000000
344.25513510
0.00000000
104.93525816
215.20162384
0.00000000
575.18871958
0.00000000
89.05454424
122.23596978
141.12788979
802.82038956
365.49357394
125.21226376
431.13539495
741.33053884
627.42894804
0.00000000
101.80704355
212.16204492
405.46632655
358.92782535
0.00000000
69.27552997
152.70980649
515.33319993
323.28972486
472.03737321
113.56080034
0.00000000
635.83392120
919.92503121
0.00000000
0.00000000
0.00000000
580.17479234
78.41126836
0.00000000
186.18999974
511.22887776
139.14764450
