6
5
10
6
2
33
13
46
14
3
1
8
21
1
17
2
1
14
9
3
10
3
3
13
1
28
5
5
2
22
4
19
10
39
2
25
18
16
14
45
7
17
20
4
10
1
46
5
42
6
3
12
41
3
7
12
9
15
7
21
48
10
1
1
2
9
25
4
5
4
10
16
24
5
27
1
10
5
46
5
7
11
8
8
13
1
11
5
9
6
22
4
1
2
40
9
6
35
7
1
20
4
32
1
11
5
43
6
3
12
41
6
3
9
23
46
3
5
1
15
38
6
1
30
6
46
4
14
7
2
8
18
1
12
1
8
31
7
11
8
8
13
1
11
5
9
6
22
4
1
13
50
2
25
12
10
19
50
14
1
20
4
24
1
11
5
43
6
3
12
41
6
3
9
23
46
3
5
1
2
41
6
1
30
6
46
4
14
7
2
8
8
18
1
12
3
13
31
2
1
7
3
17
4
11
3
2
23
48
4
7
12
49
3
27
14
11
8
39
4
5
11
41
6
6
4
20
4
16
16
3
5
6
1
32
6
15
3
3
11
8
3
12
32
12
5
5
7
6
3
9
11
15
7
3
16
5
20
7
37
1
17
3
9
2
5
26
2
16
4
19
18
38
5
19
1
4
3
5
6
2
3
6
11
5
9
31
23
1
2
13
50
2
30
14
29
19
2
18
25
11
9
4
5
4
10
6
3
34
2
43
5
43
3
22
4
1
25
2
9
25
4
5
4
11
19
20
5
34
1
12
5
43
6
7
11
8
8
13
1
11
5
9
6
22
4
1
2
40
9
25
3
4
35
22
4
1
25
2
9
25
4
5
4
11
19
20
5
34
1
12
5
43
6
1
2
41
6
1
30
6
46
4
14
7
2
8
8
18
1
12
3
13
31
7
11
8
8
13
1
11
5
9
6
22
4
1
2
40
9
25
3
4
35
22
4
1
25
2
9
4
5
4
11
19
20
5
34
1
12
5
43
6
