7
5
10
7
2
33
14
47
14
10
1
9
2
1
17
2
1
14
10
4
10
3
3
13
1
29
5
15
3
23
4
20
10
39
2
25
19
16
15
45
8
17
20
4
11
2
47
5
42
6
3
12
41
8
7
12
9
15
7
21
49
10
1
2
2
7
25
5
6
4
10
16
24
5
28
2
10
5
46
5
4
11
9
8
13
1
11
5
9
7
23
4
1
2
40
7
12
35
9
1
20
4
32
2
11
5
43
6
3
12
41
7
3
9
24
47
3
5
5
15
38
7
1
30
6
47
4
14
4
2
9
18
1
12
1
8
32
4
11
9
8
13
1
11
5
9
7
23
4
1
13
50
2
25
13
14
29
50
14
1
20
4
24
2
11
5
43
6
3
12
41
7
3
9
24
47
3
5
5
2
41
7
1
30
6
47
4
14
4
2
9
8
18
1
12
3
13
32
3
1
8
3
17
4
11
3
2
24
49
4
7
13
49
4
27
14
17
8
39
9
5
11
41
6
6
4
20
4
16
16
3
5
6
2
32
6
16
3
4
11
4
3
12
32
12
5
5
7
47
3
9
12
16
7
3
16
5
20
7
38
1
17
3
9
2
6
26
2
19
5
20
18
39
5
19
1
5
3
5
6
4
3
7
11
5
9
31
23
1
2
14
50
2
30
15
29
19
2
18
9
11
7
5
6
4
11
6
4
34
2
44
5
43
3
23
4
1
9
2
7
25
5
6
4
11
19
20
5
34
2
12
5
43
6
4
11
9
8
13
1
11
5
9
7
23
4
1
2
40
7
25
3
6
35
23
4
1
9
2
7
25
5
6
4
11
19
20
5
34
2
12
5
43
6
5
2
41
7
1
30
6
47
4
14
4
2
9
8
18
1
12
3
13
32
4
11
9
8
13
1
11
5
9
7
23
4
1
2
40
7
25
3
6
35
23
4
1
9
2
7
5
6
4
11
19
20
5
34
2
12
5
43
6