6 5
4
5
26
30
85
98
4
22
45
78
90
4 6
22
45
75
88
0
3
25
27
85
97
8 9
1
9
25
41
65
79
85
91
6
15
15
43
49
54
54
68
89
5 6
6
18
45
78
90
5
6
23
30
85
97
8 9
1
9
25
41
65
79
85
91
6
15
15
44
49
54
54
68
88
9 8
5
15
15
44
48
53
54
68
91
1
9
25
41
65
79
85
91
6 5
3
3
7
15
33
35
2
9
13
28
42
4 4
7
13
27
41
9
18
30
35
9 8
4
8
9
14
23
25
52
72
99
3
11
29
31
37
37
40
80
7 11
5
10
22
31
32
37
80
1
3
4
8
9
12
14
23
25
52
94
12 11
2
7
13
11
17
17
17
18
47
51
51
62
2
11
13
14
14
19
40
41
47
51
57
10 12
2
3
12
16
16
18
49
51
53
80
6
6
10
14
14
14
16
17
48
50
50
59
12 14
5
5
5
13
8
8
11
11
11
25
49
76
7
7
7
7
9
9
8
13
13
13
13
16
24
71
19 17
2
2
2
2
2
2
2
2
5
5
5
5
10
8
8
31
39
45
59
3
3
3
3
3
3
3
3
8
10
11
11
11
25
35
45
52
56 35
3
3
3
3
3
3
3
3
3
3
3
3
3
3
3
3
3
3
3
3
3
3
3
3
3
3
3
3
3
3
3
3
3
3
3
3
3
3
3
3
3
3
5
5
5
5
5
5
5
25
25
25
25
25
71
71
2
3
3
3
3
3
3
3
3
3
3
3
3
3
3
3
3
3
9
9
9
9
9
9
13
13
13
13
13
13
13
13
13
82
82
21 53
3
4
4
4
4
4
4
4
4
9
9
17
17
17
17
17
17
17
17
66
66
3
3
3
3
3
3
3
3
3
3
3
3
3
3
3
3
3
3
3
3
3
3
3
3
3
3
3
3
3
3
3
3
3
3
3
3
3
3
3
3
3
3
4
4
4
4
4
25
25
25
25
25
72
30 21
5
5
5
5
5
5
5
5
5
7
7
7
7
7
7
7
7
7
7
7
7
7
23
23
23
23
23
23
23
37
8
8
8
8
8
13
13
13
13
13
13
13
15
15
15
15
15
15
15
15
83
8 12
3
7
7
7
13
13
13
22
3
4
4
4
4
4
4
4
4
4
23
23
23 9
1
1
1
1
1
1
1
1
1
1
1
1
1
7
7
7
7
7
7
7
7
7
87
2
2
2
2
2
2
32
32
87
47 48
2
2
2
2
2
2
2
2
2
2
2
2
2
2
2
2
2
9
9
9
9
9
9
9
9
9
9
9
9
9
9
9
9
9
9
9
9
9
9
9
9
9
9
9
10
11
25
3
3
3
3
3
3
3
3
3
3
3
3
3
7
7
7
7
7
7
7
7
7
7
7
7
7
7
7
7
7
7
7
7
7
7
7
7
7
7
7
7
7
7
7
7
7
25
28
43 51
2
2
2
2
2
3
3
3
3
3
3
9
9
9
9
9
9
9
9
9
9
9
9
9
9
9
9
9
9
9
9
9
9
9
9
9
9
9
9
9
9
74
76
1
1
1
3
3
3
3
3
3
3
3
3
3
3
3
6
7
7
7
7
7
7
7
7
7
7
7
7
7
7
7
7
7
7
7
7
7
7
7
7
7
7
7
7
7
7
7
7
7
74
98
100 100
99
99
99
99
99
99
99
99
99
99
99
99
99
99
99
99
99
99
99
99
99
99
99
99
99
99
99
99
99
99
99
99
99
99
99
99
99
99
99
99
99
99
99
99
99
99
99
99
99
99
99
99
99
99
99
99
99
99
99
99
99
99
99
99
99
99
99
99
99
99
99
99
99
99
99
99
99
99
99
99
99
99
99
99
99
99
99
99
99
99
99
99
99
99
99
99
99
99
99
99
99
99
99
99
99
99
99
99
99
99
99
99
99
99
99
99
99
99
99
99
99
99
99
99
99
99
99
99
99
99
99
99
99
99
99
99
99
99
99
99
99
99
99
99
99
99
99
99
99
99
99
99
99
99
99
99
99
99
99
99
99
99
99
99
99
99
99
99
99
99
99
99
99
99
99
99
99
99
99
99
99
99
99
99
99
99
99
99
99
99
99
99
99
99
99
99
99
99
99
99
0 0
